$coord
         -2.618286581933         -0.988594483850         -0.005812756143     c 
         -0.018263263210          0.096911738580          0.024198413693     c 
          0.285800363714          2.457924779270         -0.005838223818     o 
          2.069969987283         -1.499841839661         -0.004251662879     o 
         -2.590308591837         -2.938157581550          0.768588089878     h 
         -3.331204817422         -1.041017809867         -1.977383937645     h 
         -3.903065927126          0.186970630211          1.165104134677     h 
          3.848017850084         -0.790396882524         -0.015233471077     h 
$end
