           2           1   1.0104043944906083     
           3           1   3.6192986548538433E-002
           3           2   1.6215320757193687     
           4           1   1.7909777281056728E-002
           4           2   1.2089571897750508     
           4           3  0.18469419986014163     
           5           1  0.97469275842304615     
           5           3   1.0295416824976179E-002
           5           4   3.5886320130317454E-003
           6           1  0.95807870849099619     
           6           2   8.3142199148652490E-003
           6           3   1.4848450549067537E-002
           6           4   8.4717274913937764E-003
           7           1  0.97065413135220346     
           7           2   2.1927208027500401E-003
           7           3   1.0492924910262186E-002
           7           4   9.2083868145529987E-003
           8           1   1.3238211295221057E-002
           8           3   1.6101826115652498E-002
           8           4  0.96943058495694578     
